0,304
0,243
32,2
117,36
117,35
33,4
33,1
33,3
32,6
27,1
27,3
34,4
34,1
34,3
38,6
38,5
38,4
38,1
38,3
14,8
0,273
0,270
10,15
10,113
10,254
10,188
10,131
10,173
11,24
11,14
11,16
11,20
11,2
11,3
8,6
8,15
8,11
12,2
12,1
12,3
20,2
20,1
20,3
19,2
19,1
19,3
77,4
77,3
77,2
77,1
77,0
75,5
75,4
75,3
75,2
75,1
75,0
73,4
73,3
73,2
73,1
73,0
72,5
72,4
72,3
72,2
72,1
72,0
71,4
71,3
71,2
71,1
71,0
70,5
70,4
70,3
70,2
70,1
70,0
69,4
69,3
69,2
69,1
69,0
67,8
67,7
67,6
67,5
67,4
67,3
67,2
67,1
66,6
66,5
66,4
66,3
66,2
66,1
65,11
65,10
65,9
65,8
65,7
65,6
65,5
65,4
65,3
65,2
65,1
65,0
64,5
64,4
64,3
64,2
64,1
62,5
62,1
49,4
49,3
49,1
48,4
48,1
46,5
46,4
46,3
46,1
32,7
32,5
